1111111111111110
1000000000000000
1000110100001110
1001110111101000
1001000100001010
1000000110001010
1111000000111000
1150001000011000
1101111010011000
1101000010001010
1101000010001010
1000001000011010
1000001100110010
1010011111110000
1010011100000010
1010000001000010
1000000000011110
1000101111110010
1110001000000010
1000001011110010
1000001011110010
1010001000001010
1000000000101010
1000100010001010
1010010000001010
1000000100010010
1001100001115110
1100010001011110
1000000100000010
1111000100100010
1111000100100010
1000000000100010
1011111100001010
1000000000100010
1010011010001010
1010000010001010
1010100000111010
1000000100001010
1001010001001010
1000001000100010
1000001000100010
1010100100011000
1010000001001100
1000101111001010
1000000000001000
1010011101101010
1000000100000000
1001100000100110
1010101010011000
1000001000100010
1000001000100010
1011101001101000
1001000000010010
1101011011100000
1000010010011110
1100100110000000
1511001000001000
1000000110100110
1001100010100000
1111111111111110
