1111111111111110
0100000000017710
1100111110017710
0000000000011770
1000000111110070
1001110100015170
0010000101011170
0010110100000010
0100000000001010
1111111111111010
1111111111111010
1000000001000010
1001111000010010
0100000010000010
1000010000001010
1011001001001010
1011000000001010
1001010011111010
1000000000000010
1011111111111110
8088888888888880
8000000070000080
8088880870888880
8080000800080580
8780888888080880
8780770000700080
8788888088808080
8080000000808880
8080808087807080
8080808080888880
8080808080888880
8087800000000080
8087888888878080
8000800000078080
8888808888878080
8005877770000080
8088878888888880
8087777777777080
8000878000877000
8888888888888880
1111111111111110
0000000001000010
0010100000011010
1101011111000010
0000015010110010
1110000010001010
0001000000001010
1110001001001010
0001010010010010
1000010010010010
1000010010010010
0111101110010010
1010000001001010
0010101000111110
1010010110000000
0010010001001110
0100001010010510
1001101011100010
0001000000000010
1111111111111110
