AAAAAAAAAAAAAAA0
A0000A0000000000
00000AA000AAAAA0
00AA000AA0AA0000
AAAAA000A0AA0000
00000A00A0000A00
AAA00A00A0AAAA00
000A0A00AAA00000
00000A0000000000
AAAAAAAAAAAAAAA0
6666666666666660
6000000000000060
6060000000000060
6066666666660060
6060000000000060
6060666666666660
6060000000000060
6060000066600060
6060066650666060
6066600000060060
6066600000060060
6000066600000660
6060600066006060
6600000060060060
6060000006000060
6060060600606060
6060600060666060
6000606060060060
6000606060060060
6666606066666060
6666606066666060
6000606060006000
6060600060606660
6060060600600060
6000000000000060
6066066606606060
6600000000006060
0000000000000060
6666666666666660
1111111111111110
1111111111111110
7777777777777770
7777777777777710
1770007770007770
7770007770007710
1770007770007770
7777777777777710
7777777777777770
0000000000000010
1111111111111110
1111111111111110
0001000100000010
1110010001001000
0000101101011110
1100101001110000
0000101011000100
1100001100010000
0001011000151110
1100000110000000
1111111111111110
